'case2_harder_lstm_run_1': [1715621579.2629936, 1715646628.7132697, 25049.4502761364], 
'case2_harder_run_1': [1715646628.7267725, 1715664399.9678805, 17771.241107940674]